   -65.00000       101.9363       101.9363       101.9363    
   -60.00000       100.8439       100.8439       100.8439    
   -55.00000       100.8289       100.8289       100.8289    
   -50.00000       100.8145       100.8145       100.8145    
   -45.00000       100.8006       100.8006       100.8006    
   -40.00000       100.7871       100.7871       100.7871    
   -35.00000       100.7740       100.7740       100.7740    
   -30.00000       100.7614       100.7614       100.7614    
   -25.00000       100.7491       100.7491       100.7491    
   -20.00000       100.7373       100.7373       100.7373    
   -15.00000       100.7258       100.7258       100.7258    
   -10.00000       100.7146       100.7146       100.7146    
   -5.000000       100.7039       100.7039       100.7039    
   0.0000000E+00   1416.765       1416.765       1416.765    
    5.000000       1387.232       1387.232       1387.232    
    10.00000       1253.157       1253.157       1253.157    
    15.00000       1128.013       1128.013       1128.013    
    20.00000       1013.561       1013.561       1013.561    
    25.00000       891.0640       891.0640       891.0640    
    30.00000       788.0527       788.0527       788.0527    
    35.00000       703.0096       703.0096       703.0096    
    40.00000       632.8907       632.8907       632.8907    
    45.00000       798.6790       798.6790       798.6790    
    50.00000       1026.146       1026.146       1026.146    
    55.00000       1321.196       1321.196       1321.196    
    60.00000       1670.465       1670.465       1670.465    
    65.00000       1643.757       1643.757       1643.757    
    70.00000       1594.688       1594.688       1594.688    
    75.00000       1565.641       1565.641       1565.641    
    80.00000       1545.316       1545.316       1545.316    
    85.00000       1541.686       1541.686       1541.686    
    90.00000       1547.796       1547.796       1547.796    
    95.00000       1553.304       1553.304       1553.304    
    100.0000       1561.285       1561.285       1561.285    
    105.0000       1548.790       1548.790       1548.790    
    110.0000       1532.417       1532.417       1532.417    
    115.0000       1514.515       1514.515       1514.515    
    120.0000       1494.255       1494.255       1494.255    
    125.0000       1482.620       1482.620       1482.620    
    130.0000       1380.968       1380.968       1380.968    
    130.8000       1380.967       1380.967       1380.967    
    135.8000       560.0924       560.0924       560.0924    
    140.8000       1365.665       1365.665       1365.665    
    145.8000       1252.475       1252.475       1252.475    
    150.8000       1148.006       1148.006       1148.006    
    155.8000       1135.416       1135.416       1135.416    
    160.8000       1042.081       1042.081       1042.081    
    165.8000       579.5901       579.5901       579.5901    
    170.8000       540.9672       540.9672       540.9672    
    175.8000       528.0640       528.0640       528.0640    
    180.8000       515.6846       515.6846       515.6846    
    185.8000       503.8070       503.8070       503.8070    
    190.8000       492.3962       492.3962       492.3962    
    195.8000       481.4314       481.4314       481.4314    
    200.8000       470.8935       470.8935       470.8935    
    205.8000       460.7597       460.7597       460.7597    
    210.8000       451.0121       451.0121       451.0121    
    215.8000       441.6297       441.6297       441.6297    
    220.8000       432.5966       432.5966       432.5966    
    225.8000       423.8947       423.8947       423.8947    
    230.8000       415.5085       415.5085       415.5085    
    235.8000       407.4230       407.4230       407.4230    
    240.8000       399.6241       399.6241       399.6241    
    245.8000       392.2712       392.2712       392.2712    
    250.8000       385.2563       385.2563       385.2563    
    255.8000       378.4924       378.4924       378.4924    
    260.8000       371.9698       371.9698       371.9698    
    265.8000       365.6770       365.6770       365.6770    
    270.8000       359.6032       359.6032       359.6032    
    275.8000       353.7391       353.7391       353.7391    
    280.8000       348.3577       348.3577       348.3577    
    285.8000       338.5331       338.5331       338.5331    
    290.8000       333.1676       333.1676       333.1676    
    295.8000       328.0245       328.0245       328.0245    
    300.8000       326.9785       326.9785       326.9785    
    305.8000       322.6201       322.6201       322.6201    
    310.8000       322.2703       322.2703       322.2703    
    315.8000       322.1772       322.1772       322.1772    
    320.8000       323.0891       323.0891       323.0891    
    325.8000       332.2859       332.2859       332.2859    
    330.8000       346.5078       346.5078       346.5078    
    335.8000       366.9505       366.9505       366.9505    
    340.8000       395.9082       395.9082       395.9082    
    345.8000       427.6535       427.6535       427.6535    
    350.8000       472.8808       472.8808       472.8808    
    355.8000       558.1356       558.1356       558.1356    
    360.8000       595.8674       595.8674       595.8674    
    365.8000       488.5446       488.5446       488.5446    
    370.8000       310.5746       310.5746       310.5746    
    375.8000       221.6587       221.6587       221.6587    
    380.8000       176.4249       176.4249       176.4249    
    385.8000       129.1087       129.1087       129.1087    
    390.8000       57.01923       57.01923       57.01923    
    395.8000       65.87723       65.87723       65.87723    
    400.8000       70.43059       70.43059       70.43059    
    405.8000       67.64681       67.64681       67.64681    
    410.8000       65.14532       65.14532       65.14532    
    415.8000       62.90407       62.90407       62.90407    
    420.8000       60.98240       60.98240       60.98240    
    425.8000       60.02076       60.02076       60.02076    
    430.8000       59.35148       59.35148       59.35148    
    435.8000       58.95354       58.95354       58.95354    
    440.8000       58.78655       58.78655       58.78655    
    445.8000       58.65798       58.65798       58.65798    
    450.8000       58.72422       58.72422       58.72422    
    455.8000       58.97278       58.97278       58.97278    
    460.8000       59.24819       59.24819       59.24819    
    465.8000       58.45114       58.45114       58.45114    
    470.8000       57.77245       57.77245       57.77245    
    475.8000       57.20563       57.20563       57.20563    
    480.8000       56.86638       56.86638       56.86638    
    485.8000       57.65786       57.65786       57.65786    
    490.8000       58.55624       58.55624       58.55624    
    495.8000       59.55542       59.55542       59.55542    
    500.8000       60.63318       60.63318       60.63318    
    505.8000       61.66092       61.66092       61.66092    
    510.8000       62.77242       62.77242       62.77242    
    515.8000       63.96328       63.96328       63.96328    
    520.8000       65.05053       65.05053       65.05053    
    525.8000       64.85597       64.85597       64.85597    
    530.8000       64.94956       64.94956       64.94956    
    535.8000       65.29996       65.29996       65.29996    
    540.8000       48.29378       48.29378       48.29378    
    545.8000       47.36054       47.36054       47.36054    
    550.8000       46.49693       46.49693       46.49693    
    555.8000       65.89135       65.89135       65.89135    
    560.8000       65.49329       65.49329       65.49329    
    565.8000       64.82297       64.82297       64.82297    
    570.8000       64.18190       64.18190       64.18190    
    575.8000       63.56976       63.56976       63.56976    
    580.8000       90.48581       90.48581       90.48581    
    585.8000       90.63607       90.63607       90.63607    
    590.8000       90.31661       90.31661       90.31661    
    595.8000       90.01852       90.01852       90.01852    
    600.8000       89.74181       89.74181       89.74181    
    605.8000       89.48647       89.48647       89.48647    
    610.8000       89.25254       89.25254       89.25254    
    615.8000       89.03999       89.03999       89.03999    
    620.8000       88.84880       88.84880       88.84880    
    625.8000       88.67895       88.67895       88.67895    
    630.8000       88.53054       88.53054       88.53054    
    635.8000       88.40343       88.40343       88.40343    
    640.8000       88.29748       88.29748       88.29748    
    645.8000       88.21267       88.21267       88.21267    
    650.8000       88.14890       88.14890       88.14890    
    655.8000       88.10617       88.10617       88.10617    
    660.8000       88.08437       88.08437       88.08437    
    665.8000       88.08347       88.08347       88.08347    
    670.8000       88.10336       88.10336       88.10336    
    675.8000       88.13789       88.13789       88.13789    
    680.8000       88.19213       88.19213       88.19213    
    685.8000       88.26682       88.26682       88.26682    
    690.8000       88.36195       88.36195       88.36195    
    694.0000       88.45106       88.45106       88.45106    
    709.0000       134.6947       134.6947       134.6947    
    724.0000       134.9961       134.9961       134.9961    
    739.0000       135.1671       135.1671       135.1671    
    754.0000       135.2305       135.2305       135.2305    
    769.0000       135.2053       135.2053       135.2053    
    784.0000       135.1077       135.1077       135.1077    
    799.0000       134.9512       134.9512       134.9512    
    814.0000       134.7472       134.7472       134.7472    
    829.0000       134.5054       134.5054       134.5054    
    844.0000       134.2338       134.2338       134.2338    
    859.0000       133.9393       133.9393       133.9393    
    874.0000       133.6274       133.6274       133.6274    
    889.0000       133.3029       133.3029       133.3029    
    904.0000       132.9700       132.9700       132.9700    
    919.0000       132.6316       132.6316       132.6316    
    934.0000       132.2907       132.2907       132.2907    
    949.0000       131.9497       131.9497       131.9497    
    964.0000       131.6101       131.6101       131.6101    
    979.0000       131.2736       131.2736       131.2736    
    994.0000       130.9415       130.9415       130.9415    
    1009.000       130.6146       130.6146       130.6146    
    1024.000       130.2938       130.2938       130.2938    
    1039.000       129.9795       129.9795       129.9795    
    1054.000       129.6725       129.6725       129.6725    
    1069.000       129.3726       129.3726       129.3726    
    1084.000       129.0805       129.0805       129.0805    
    1099.000       128.7961       128.7961       128.7961    
    1114.000       128.5196       128.5196       128.5196    
    1129.000       128.2507       128.2507       128.2507    
    1144.000       127.9898       127.9898       127.9898    
    1159.000       127.7362       127.7362       127.7362    
    1174.000       127.4907       127.4907       127.4907    
    1189.000       127.2525       127.2525       127.2525    
    1204.000       127.0216       127.0216       127.0216    
    1219.000       126.7977       126.7977       126.7977    
    1234.000       126.5808       126.5808       126.5808    
    1249.000       126.3708       126.3708       126.3708    
    1264.000       126.1673       126.1673       126.1673    
    1279.000       125.9701       125.9701       125.9701    
    1294.000       125.7791       125.7791       125.7791    
    1309.000       125.5941       125.5941       125.5941    
    1324.000       125.4149       125.4149       125.4149    
    1339.000       125.2413       125.2413       125.2413    
    1354.000       125.0730       125.0730       125.0730    
    1369.000       124.9100       124.9100       124.9100    
    1384.000       124.7520       124.7520       124.7520    
    1399.000       124.5988       124.5988       124.5988    
    1414.000       124.4504       124.4504       124.4504    
    1429.000       124.3064       124.3064       124.3064    
    1444.000       124.1669       124.1669       124.1669    
    1459.000       124.0315       124.0315       124.0315    
    1474.000       123.9003       123.9003       123.9003    
    1489.000       123.7729       123.7729       123.7729    
    1504.000       123.6492       123.6492       123.6492    
    1519.000       123.5292       123.5292       123.5292    
    1534.000       123.4127       123.4127       123.4127    
    1549.000       123.2995       123.2995       123.2995    
    1564.000       123.1898       123.1898       123.1898    
    1579.000       123.0830       123.0830       123.0830    
    1594.000       122.9794       122.9794       122.9794    
    1609.000       122.8786       122.8786       122.8786    
    1624.000       122.7808       122.7808       122.7808    
    1639.000       122.6856       122.6856       122.6856    
    1654.000       122.5931       122.5931       122.5931    
    1669.000       122.5031       122.5031       122.5031    
    1684.000       122.4156       122.4156       122.4156    
    1699.000       122.3305       122.3305       122.3305    
    1714.000       122.2477       122.2477       122.2477    
    1729.000       122.1671       122.1671       122.1671    
    1744.000       122.0887       122.0887       122.0887    
    1759.000       122.0123       122.0123       122.0123    
    1774.000       121.9379       121.9379       121.9379    
    1789.000       121.8655       121.8655       121.8655    
    1804.000       121.7951       121.7951       121.7951    
    1819.000       121.7264       121.7264       121.7264    
    1834.000       121.6595       121.6595       121.6595    
    1849.000       121.5944       121.5944       121.5944    
    1864.000       121.5309       121.5309       121.5309    
    1879.000       121.4691       121.4691       121.4691    
    1894.000       121.4086       121.4086       121.4086    
    1909.000       121.3499       121.3499       121.3499    
    1924.000       121.2926       121.2926       121.2926    
    1939.000       121.2367       121.2367       121.2367    
    1954.000       121.1822       121.1822       121.1822    
    1969.000       121.1290       121.1290       121.1290    
    1984.000       121.0772       121.0772       121.0772    
    1999.000       121.0267       121.0267       121.0267    
    2014.000       120.9773       120.9773       120.9773    
    2029.000       120.9292       120.9292       120.9292    
    2044.000       120.8823       120.8823       120.8823    
    2059.000       120.8364       120.8364       120.8364    
    2074.000       120.7917       120.7917       120.7917    
    2089.000       120.7481       120.7481       120.7481    
    2104.000       120.7055       120.7055       120.7055    
    2119.000       120.6640       120.6640       120.6640    
    2134.000       120.6234       120.6234       120.6234    
    2149.000       120.5838       120.5838       120.5838    
    2164.000       120.5452       120.5452       120.5452    
    2179.000       120.5074       120.5074       120.5074    
    2194.000       120.4706       120.4706       120.4706    
    2209.000       120.4346       120.4346       120.4346    
    2224.000       120.3995       120.3995       120.3995    
    2239.000       120.3651       120.3651       120.3651    
    2254.000       120.3318       120.3318       120.3318    
    2269.000       120.2989       120.2989       120.2989    
    2284.000       120.2672       120.2672       120.2672    
    2299.000       120.2358       120.2358       120.2358    
    2314.000       120.2055       120.2055       120.2055    
    2329.000       120.1756       120.1756       120.1756    
    2344.000       120.1467       120.1467       120.1467    
    2359.000       120.1183       120.1183       120.1183    
    2374.000       120.0907       120.0907       120.0907    
    2389.000       120.0635       120.0635       120.0635    
    2400.000       120.0441       120.0441       120.0441    
